command=npm test
started=2026-06-20T15:20:12.1368792+08:00
ended=2026-06-20T15:20:31.4056071+08:00
exit_code=0
