command=npx playwright test e2e/specs/chat-cancel-navigation.spec.js --project=chromium --grep "SO-016"
exit_code=0
started=2026-06-20T13:29:14.6761673+08:00
finished=2026-06-20T13:29:19.7380819+08:00
duration_seconds=5.062
